0
0
0
0
0
0
0
0
0
0
0
0
0
0
0
0
0
0
0
0
0.0208
0.0216
0.0224
0.0232
0.024
0.0248
0.0256
0.0264
0.0272
0.028
0.0288
0.0296
0.0304
0.0312
0.032
0.0328
0.0336
0.0344
0.0352
0.036
0.0416
0.0424
0.0432
0.044
0.0448
0.0456
0.0464
0.0472
0.048
0.0488
0.0496
0.0504
0.0512
0.052
0.0528
0.0536
0.0544
0.0552
0.056
0.0568
0.0624
0.0632
0.064
0.0648
0.0656
0.0664
0.0672
0.068
0.0688
0.0696
0.0704
0.0712
0.072
0.0728
0.0736
0.0744
0.0752
0.076
0.0768
0.0776
0.0832
0.084
0.0848
0.0856
0.0864
0.0872
0.088
0.0888
0.0896
0.0904
0.0912
0.092
0.0928
0.0936
0.0944
0.0952
0.096
0.0968
0.0976
0.0984
0.104
0.1048
0.1056
0.1064
0.1072
0.108
0.1088
0.1096
0.1104
0.1112
0.112
0.1128
0.1136
0.1144
0.1152
0.116
0.1168
0.1176
0.1184
0.1192
0.1248
0.1256
0.1264
0.1272
0.128
0.1288
0.1296
0.1304
0.1312
0.132
0.1328
0.1336
0.1344
0.1352
0.136
0.1368
0.1376
0.1384
0.1392
0.14
0.1456
0.1464
0.1472
0.148
0.1488
0.1496
0.1504
0.1512
0.152
0.1528
0.1536
0.1544
0.1552
0.156
0.1568
0.1576
0.1584
0.1592
0.16
0.1608
0.1664
0.1672
0.168
0.1688
0.1696
0.1704
0.1712
0.172
0.1728
0.1736
0.1744
0.1752
0.176
0.1768
0.1776
0.1784
0.1792
0.18
0.1808
0.1816
0.1872
0.188
0.1888
0.1896
0.1904
0.1912
0.192
0.1928
0.1936
0.1944
0.1952
0.196
0.1968
0.1976
0.1984
0.1992
0.2
0.2008
0.2016
0.2024
0.208
0.2088
0.2096
0.2104
0.2112
0.212
0.2128
0.2136
0.2144
0.2152
0.216
0.2168
0.2176
0.2184
0.2192
0.22
0.2208
0.2216
0.2224
0.2232
0.2288
0.2296
0.2304
0.2312
0.232
0.2328
0.2336
0.2344
0.2352
0.236
0.2368
0.2376
0.2384
0.2392
0.24
0.2408
0.2416
0.2424
0.2432
0.244
0.2496
0.2504
0.2512
0.252
0.2528
0.2536
0.2544
0.2552
0.256
0.2568
0.2576
0.2584
0.2592
0.26
0.2608
0.2616
0.2624
0.2632
0.264
0.2648
0.2704
0.2712
0.272
0.2728
0.2736
0.2744
0.2752
0.276
0.2768
0.2776
0.2784
0.2792
0.28
0.2808
0.2816
0.2824
0.2832
0.284
0.2848
0.2856
0.2912
0.292
0.2928
0.2936
0.2944
0.2952
0.296
0.2968
0.2976
0.2984
0.2992
0.3
0.3008
0.3016
0.3024
0.3032
0.304
0.3048
0.3056
0.3064
0.312
0.3128
0.3136
0.3144
0.3152
0.316
0.3168
0.3176
0.3184
0.3192
0.32
0.3208
0.3216
0.3224
0.3232
0.324
0.3248
0.3256
0.3264
0.3272
0.3328
0.3336
0.3344
0.3352
0.336
0.3368
0.3376
0.3384
0.3392
0.34
0.3408
0.3416
0.3424
0.3432
0.344
0.3448
0.3456
0.3464
0.3472
0.348
0.3536
0.3544
0.3552
0.356
0.3568
0.3576
0.3584
0.3592
0.36
0.3608
0.3616
0.3624
0.3632
0.364
0.3648
0.3656
0.3664
0.3672
0.368
0.3688
0.3744
0.3752
0.376
0.3768
0.3776
0.3784
0.3792
0.38
0.3808
0.3816
0.3824
0.3832
0.384
0.3848
0.3856
0.3864
0.3872
0.388
0.3888
0.3896
0.3952
0.396
0.3968
0.3976
0.3984
0.3992
0.4
0.4008
0.4016
0.4024
0.4032
0.404
0.4048
0.4056
0.4064
0.4072
0.408
0.4088
0.4096
0.4104
0.416
0.4168
0.4176
0.4184
0.4192
0.42
0.4208
0.4216
0.4224
0.4232
0.424
0.4248
0.4256
0.4264
0.4272
0.428
0.4288
0.4296
0.4304
0.4312
0.4368
0.4376
0.4384
0.4392
0.44
0.4408
0.4416
0.4424
0.4432
0.444
0.4448
0.4456
0.4464
0.4472
0.448
0.4488
0.4496
0.4504
0.4512
0.452
0.4576
0.4584
0.4592
0.46
0.4608
0.4616
0.4624
0.4632
0.464
0.4648
0.4656
0.4664
0.4672
0.468
0.4688
0.4696
0.4704
0.4712
0.472
0.4728
0.4784
0.4792
0.48
0.4808
0.4816
0.4824
0.4832
0.484
0.4848
0.4856
0.4864
0.4872
0.488
0.4888
0.4896
0.4904
0.4912
0.492
0.4928
0.4936
0.4992
0.5
0.5008
0.5016
0.5024
0.5032
0.504
0.5048
0.5056
0.5064
0.5072
0.508
0.5088
0.5096
0.5104
0.5112
0.512
0.5128
0.5136
0.5144
0.52
0.5208
0.5216
0.5224
0.5232
0.524
0.5248
0.5256
0.5264
0.5272
0.528
0.5288
0.5296
0.5304
0.5312
