1
1.7344
2.1622
2.37545
2.4412625
2.4082875
2.31153867188
2.17598666992
2.01923108521
1.85348426132
1.68704152498
1.5253684316
1.37190270059
1.22864385521
1.09658511746
0.976028285891
0.866811981239
0.768475906898
0.68037798602
0.601776913381
0.531889430919
0.481929225837
0.434732552944
0.390824344079
0.350446321259
0.313646796244
0.28034564557
0.250380964016
0.223542236621
0.199593626873
0.178290050887
0.159388015055
0.142652678571
0.127862217797
0.114810283608
0.103307130434
0.0931798383376
0.0842719329511
0.0764426221366
0.0695658049727
0.0635289623036
0.0582320042299
0.0535861253619
0.0495127009373
0.0459422442543
0.0428134369231
0.0400722372082
0.0376710674825
0.0355680789912
0.0337264903253
0.0321139949407
0.0307022325026
0.0294663186369
0.0283844277051
0.0274374234154
0.0266085323685
0.0258830559825
0.0252481166047
0.0246924339941
0.0242061287186
0.0237805493591
0.023408120737
0.0230822106806
0.0227970131224
0.0225474455648
0.0223290591811
0.0221379600175
0.0219707399408
0.0218244161423
0.0216963781451
0.0215843413924
0.0214863066049
0.0214005241943
0.0213254631062
0.0212597835451
0.0212023130973
0.0211520258316
0.0211080240063
0.0210695220583
0.0210358325905
0.0210063541089
0.0209805602894
0.0209579905863
0.0209382420128
0.0209209619486
0.0209058418455
0.0208926117202
0.0208810353343
0.0208709059768
0.0208620427741
0.0208542874607
0.0208475015531
0.0208415638777
0.0208363684071
0.0208318223668
0.0208278445788
0.0208243640124
0.0208213185153
0.0208186537042
0.0208163219937
0.0208142817464
0.0208124965295
0.0208109344644
0.0208095676571
0.0208083717006
0.0208073252384
0.020806409584
0.0208056083862
0.0208049073381
0.020804293921
0.020803757181
0.0208032875334
0.0208028765918
0.0208025170179
0.0208022023907
0.0208019270919
0.0208016862054
0.0208014754297
0.020801291001
0.0208011296259
0.0208009884227
0.0208008648699
0.0208007567611
0.020800662166
0.0208005793952
0.0208005069708
0.0208004435995
0.0208003881495
0.0208003396309
0.020800297177
0.0208002600299
0.0208002275261
0.0208001990854
0.0208001741997
0.0208001524247
0.0208001333716
0.0208001167002
0.0208001021127
0.0208000893486
0.02080007818
0.0208000684075
0.0208000598566
0.0208000523745
0.0208000458277
0.0208000400992
0.0208000350868
0.020800030701
0.0208000268633
0.0208000235054
0.0208000205673
0.0208000179963
0.0208000157468
0.0208000137785
0.0208000120561
0.0208000105491
0.0208000092305
0.0208000080767
0.0208000070671
0.0208000061837
0.0208000054107
0.0208000047344
0.0208000041426
0.0208000036248
0.0208000031717
0.0208000027752
0.0208000024283
0.0208000021248
0.0208000018592
0.0208000016268
0.0208000014234
0.0208000012455
0.0208000010898
0.0208000009536
0.0208000008344
0.0208000007301
0.0208000006388
0.020800000559
0.0208000004891
0.020800000428
0.0208000003745
0.0208000003277
0.0208000002867
0.0208000002509
0.0208000002195
0.0208000001921
0.0208000001681
0.0208000001471
0.0208000001287
0.0208000001126
0.0208000000985
0.0208000000862
0.0208000000754
0.020800000066
0.0208000000577
0.0208000000505
0.0208000000442
0.0208000000387
0.0208000000339
0.0208000000296
0.0208000000259
0.0208000000227
0.0208000000198
0.0208000000174
0.0208000000152
0.0208000000133
0.0208000000116
0.0208000000102
0.0208000000089
0.0208000000078
0.0208000000068
0.020800000006
0.0208000000052
0.0208000000046
0.020800000004
0.0208000000035
0.0208000000031
0.0208000000027
0.0208000000023
0.020800000002
0.0208000000018
0.0208000000016
0.0208000000014
0.0208000000012
0.0208000000011
0.0208000000009
0.0208000000008
0.0208000000007
0.0208000000006
0.0208000000005
0.0208000000005
0.0208000000004
0.0208000000004
0.0208000000003
0.0208000000003
0.0208000000002
0.0208000000002
0.0208000000002
0.0208000000002
0.0208000000001
0.0208000000001
0.0208000000001
0.0208000000001
0.0208000000001
0.0208000000001
0.0208000000001
0.0208000000001
0.0208
0.0208
0.0208
0.0208
0.0208
0.0208
0.0208
0.0208
0.0208
0.0208
0.0208
0.0208
0.0208
0.0208
0.0208
0.0208
0.0208
0.0208
0.0208
0.0208
0.0208
0.0208
0.0208
0.0208
0.0208
0.0208
0.0208
0.0208
0.0208
0.0208
0.0208
0.0208
0.0208
0.0208
0.0208
0.0208
0.0208
0.0208
0.0208
0.0208
0.0208
0.0208
0.0208
0.0208
0.0208
0.0208
0.0208
0.0208
0.0208
0.0208
0.0208
0.0208
0.0208
0.0208
0.0208
0.0208
0.0208
0.0208
0.0208
0.0208
0.0208
0.0208
0.0208
0.0208
0.0208
0.0208
0.0208
0.0208
0.0208
0.0208
0.0208
0.0208
0.0208
0.0208
0.0208
0.0208
0.0208
0.0208
0.0208
0.0208
0.0208
0.0208
0.0208
0.0208
0.0208
0.0208
0.0208
0.0208
0.0208
0.0208
0.0208
0.0208
0.0208
0.0208
0.0208
0.0208
0.0208
0.0208
0.0208
0.0208
0.0208
0.0208
0.0208
0.0208
0.0208
0.0208
0.0208
0.0208
0.0208
0.0208
0.0208
0.0208
0.0208
0.0208
0.0208
0.0208
0.0208
0.0208
0.0208
0.0208
0.0208
0.0208
0.0208
0.0208
0.0208
0.0208
0.0208
0.0208
0.0208
0.0208
0.0208
0.0208
0.0208
0.0208
0.0208
0.0208
0.0208
0.0208
0.0208
0.0208
0.0208
0.0208
0.0208
0.0208
0.0208
0.0208
0.0208
0.0208
0.0208
0.0208
0.0208
0.0208
0.0208
0.0208
0.0208
0.0208
0.0208
0.0208
0.0208
0.0208
0.0208
0.0208
0.0208
0.0208
0.0208
0.0208
0.0208
0.0208
0.0208
0.0208
0.0208
0.0208
0.0208
0.0208
0.0208
0.0208
0.0208
0.0208
0.0208
0.0208
0.0208
0.0208
0.0208
0.0208
0.0208
0.0208
0.0208
0.0208
0.0208
0.0208
0.0208
0.0208
0.0208
0.0208
0.0208
0.0208
0.0208
0.0208
0.0208
0.0208
0.0208
0.0208
0.0208
0.0208
0.0208
0.0208
0.0208
0.0208
0.0208
0.0208
0.0208
0.0208
0.0208
0.0208
0.0208
0.0208
0.0208
0.0208
0.0208
0.0208
0.0208
0.0208
0.0208
0.0208
0.0208
0.0208
0.0208
0.0208
0.0208
0.0208
0.0208
0.0208
0.0208
0.0208
0.0208
0.0208
0.0208
0.0208
0.0208
0.0208
0.0208
0.0208
0.0208
0.0208
0.0208
0.0208
0.0208
0.0208
0.0208
0.0208
0.0208
0.0208
0.0208
0.0208
0.0208
0.0208
0.0208
0.0208
0.0208
0.0208
0.0208
0.0208
0.0208
0.0208
0.0208
0.0208
0.0208
0.0208
0.0208
0.021088
